# name: debug
# type: sparse matrix
# nnz: 144
# rows: 12
# columns: 12

1 1 47177617.548329130
2 1 5125910.978587515
3 1 -10816948.615839457
4 1 11430100.481964810
5 1 -119395297.358981892
6 1 -29438367.932297863
7 1 -23402502.987842526
8 1 574231.376372269
9 1 1230823.326747847
10 1 1085752.639068889
11 1 77543344.699392676
12 1 17571951.199243415
1 2 5125910.978616308
2 2 50314385.692545012
3 2 9811176.003732787
4 2 96108875.014985397
5 2 -16689410.835620856
6 2 -34996071.472274862
7 2 -3741438.002441411
8 2 -23788016.078986406
9 2 -4954975.226319797
10 2 -74303484.942549288
11 2 12283534.276560772
12 2 2173098.923655860
1 3 -10816948.615828954
2 3 9811176.003730999
3 3 7039549.699726880
4 3 27255599.558033273
5 3 35028211.319462262
6 3 5259310.393283080
7 3 6660297.234640381
8 3 -5253927.763515688
9 3 -2448541.199657400
10 3 -16743201.830181982
11 3 -14313985.613759924
12 3 -3712248.126237480
1 4 11430100.486567300
2 4 96108875.040177375
3 4 27255599.568530347
4 4 3601807319.207588673
5 4 -282836988.966022432
6 4 -232071254.930443436
7 4 -1445858.661522283
8 4 -29599296.037335798
9 4 -3431143.441563914
10 4 -3211644508.582070827
11 4 657568319.496040702
12 4 -477728404.141110122
1 5 -119395297.325773492
2 5 -16689410.846483892
3 5 35028211.317191042
4 5 -282837029.563170314
5 5 6556134907.745131493
6 5 1898447802.030694246
7 5 2064573.364265583
8 5 -1375290.604757369
9 5 -12906494.594796870
10 5 -1211254.876780684
11 5 -5562914009.354714394
12 5 -1489566136.922746181
1 6 -29438367.924411312
2 6 -34996071.476355389
3 6 5259310.392244792
4 6 -232071266.052134544
5 6 1898447801.218465567
6 6 619686419.810776591
7 6 -1753707.486712210
8 6 15492884.906416409
9 6 -678123.723075283
10 6 204789827.495433718
11 6 -1585866856.561228991
12 6 -410876048.921187043
1 7 -23402502.987842526
2 7 -3741438.002441411
3 7 6660297.234640381
4 7 -1445858.661522283
5 7 2064573.364265583
6 7 -1753707.486712210
7 7 38093922.537495174
8 7 1136509.793417442
9 7 -330439.826002046
10 7 1601737.973878108
11 7 -18525259.922453064
12 7 -1681070.027690361
1 8 574231.376372269
2 8 -23788016.078986406
3 8 -5253927.763515688
4 8 -29599296.037335798
5 8 -1375290.604757369
6 8 15492884.906416409
7 8 1136509.780277272
8 8 36532011.070279792
9 8 8234535.462950903
10 8 49182681.854514226
11 8 -3105446.341598993
12 8 -8619651.577548612
1 9 1230823.326747847
2 9 -4954975.226319797
3 9 -2448541.199657400
4 9 -3431143.441563914
5 9 -12906494.594796870
6 9 -678123.723075283
7 9 -330439.822639531
8 9 8234535.464813926
9 9 3316934.873333977
10 9 8605963.102713753
11 9 12264481.395135025
12 9 1502748.374577733
1 10 1085752.639068889
2 10 -74303484.942549288
3 10 -16743201.830181982
4 10 -3211644508.582070827
5 10 -1211254.876780684
6 10 204789827.495433718
7 10 1603075.907968721
8 10 49181229.767935842
9 10 8605881.169121906
10 10 2993461816.543965816
11 10 -518349580.500827491
12 10 459591335.079252720
1 11 77543344.699392676
2 11 12283534.276560772
3 11 -14313985.613759924
4 11 657568319.496040702
5 11 -5562914009.354714394
6 11 -1585866856.561228991
7 11 -18525823.127821095
8 11 -3106223.782467369
9 11 12264395.246815776
10 11 -484812280.499773383
11 11 5540862592.378998756
12 11 1389878622.904095650
1 12 17571951.199243415
2 12 2173098.923655860
3 12 -3712248.126237480
4 12 -477728404.141110122
5 12 -1489566136.922746181
6 12 -410876048.921187043
7 12 -1680676.320897531
8 12 -8620390.420613868
9 12 1502706.778319270
10 12 461918190.079252660
11 12 1373578124.904095650
12 12 493489973.040392101
